Choosed Node:
1986622020	1551000947	1147498063	1702259058	1701728000	-1551000944	-1147498060	
Opened List:
0	3	3	1	1	0	0	

Choosed Node:
0	3	3	1	1	0	0	
Opened List:
1	0	3	1	-1	3	0	
1	3	0	1	-1	0	3	
1	2	2	1	-1	1	1	
1	2	2	-1	1	1	1	
1	3	1	1	-1	0	2	
1	3	1	-1	1	0	2	
1	3	2	1	-1	0	1	
1	3	2	-1	1	0	1	

Choosed Node:
1	0	3	1	-1	3	0	
Opened List:
2	0	1	-1	-1	3	2	
1	3	0	1	-1	0	3	
2	0	2	-1	-1	3	1	
1	3	1	-1	1	0	2	
1	3	1	1	-1	0	2	
1	2	2	-1	1	1	1	
1	2	2	1	-1	1	1	
1	3	2	-1	1	0	1	
1	3	2	1	-1	0	1	

Choosed Node:
2	0	1	-1	-1	3	2	
Opened List:
1	3	0	1	-1	0	3	
1	2	2	1	-1	1	1	
1	2	2	-1	1	1	1	
1	3	1	1	-1	0	2	
1	3	1	-1	1	0	2	
2	0	2	-1	-1	3	1	
1	3	2	1	-1	0	1	
1	3	2	-1	1	0	1	
3	1	1	-1	1	2	2	
3	1	1	1	-1	2	2	
3	0	2	-1	1	3	1	
3	0	2	1	-1	3	1	
3	0	3	-1	1	3	0	

Choosed Node:
1	3	0	1	-1	0	3	
Opened List:
2	0	2	-1	-1	3	1	
1	3	1	-1	1	0	2	
1	3	1	1	-1	0	2	
1	2	2	-1	1	1	1	
1	2	2	1	-1	1	1	
1	3	2	-1	1	0	1	
1	3	2	1	-1	0	1	
2	3	1	1	1	0	2	
3	0	2	1	-1	3	1	
3	0	2	-1	1	3	1	
3	1	1	1	-1	2	2	
3	1	1	-1	1	2	2	
2	3	2	1	1	0	1	
3	0	3	-1	1	3	0	

Choosed Node:
2	0	2	-1	-1	3	1	
Opened List:
1	2	2	1	-1	1	1	
1	2	2	-1	1	1	1	
1	3	1	1	-1	0	2	
1	3	1	-1	1	0	2	
1	3	2	1	-1	0	1	
1	3	2	-1	1	0	1	
3	1	1	-1	1	2	2	
3	1	1	1	-1	2	2	
3	0	2	-1	1	3	1	
3	0	2	1	-1	3	1	
2	3	1	1	1	0	2	
3	0	3	-1	1	3	0	
2	3	2	1	1	0	1	

Choosed Node:
1	2	2	1	-1	1	1	
Opened List:
2	1	1	-1	-1	2	2	
1	3	1	-1	1	0	2	
1	3	1	1	-1	0	2	
1	2	2	-1	1	1	1	
1	3	2	-1	1	0	1	
1	3	2	1	-1	0	1	
2	3	1	1	1	0	2	
3	0	2	1	-1	3	1	
3	0	2	-1	1	3	1	
3	1	1	1	-1	2	2	
3	1	1	-1	1	2	2	
2	3	2	1	1	0	1	
3	0	3	-1	1	3	0	

Choosed Node:
2	1	1	-1	-1	2	2	
Opened List:
1	2	2	-1	1	1	1	
1	3	1	1	-1	0	2	
1	3	1	-1	1	0	2	
1	3	2	1	-1	0	1	
1	3	2	-1	1	0	1	
3	1	1	-1	1	2	2	
3	1	1	1	-1	2	2	
3	0	2	-1	1	3	1	
3	0	2	1	-1	3	1	
2	3	1	1	1	0	2	
3	0	3	-1	1	3	0	
2	3	2	1	1	0	1	

Choosed Node:
1	2	2	-1	1	1	1	
Opened List:
1	3	1	-1	1	0	2	
1	3	1	1	-1	0	2	
1	3	2	-1	1	0	1	
1	3	2	1	-1	0	1	
2	3	1	1	1	0	2	
3	0	2	1	-1	3	1	
3	0	2	-1	1	3	1	
3	1	1	1	-1	2	2	
3	1	1	-1	1	2	2	
2	3	2	1	1	0	1	
3	0	3	-1	1	3	0	

Choosed Node:
1	3	1	-1	1	0	2	
Opened List:
1	3	1	1	-1	0	2	
1	3	2	1	-1	0	1	
1	3	2	-1	1	0	1	
3	1	1	-1	1	2	2	
3	1	1	1	-1	2	2	
3	0	2	-1	1	3	1	
3	0	2	1	-1	3	1	
2	3	1	1	1	0	2	
3	0	3	-1	1	3	0	
2	3	2	1	1	0	1	

Choosed Node:
1	3	1	1	-1	0	2	
Opened List:
1	3	2	-1	1	0	1	
1	3	2	1	-1	0	1	
2	3	1	1	1	0	2	
3	0	2	1	-1	3	1	
3	0	2	-1	1	3	1	
3	1	1	1	-1	2	2	
3	1	1	-1	1	2	2	
2	3	2	1	1	0	1	
3	0	3	-1	1	3	0	

Choosed Node:
1	3	2	-1	1	0	1	
Opened List:
1	3	2	1	-1	0	1	
3	1	1	-1	1	2	2	
3	1	1	1	-1	2	2	
3	0	2	-1	1	3	1	
3	0	2	1	-1	3	1	
2	3	1	1	1	0	2	
3	0	3	-1	1	3	0	
2	3	2	1	1	0	1	

Choosed Node:
1	3	2	1	-1	0	1	
Opened List:
2	3	1	1	1	0	2	
3	0	2	1	-1	3	1	
3	0	2	-1	1	3	1	
3	1	1	1	-1	2	2	
3	1	1	-1	1	2	2	
2	3	2	1	1	0	1	
3	0	3	-1	1	3	0	

Choosed Node:
2	3	1	1	1	0	2	
Opened List:
3	1	1	-1	1	2	2	
3	1	1	1	-1	2	2	
3	0	2	-1	1	3	1	
3	0	2	1	-1	3	1	
3	3	0	-1	1	0	3	
3	0	3	-1	1	3	0	
2	3	2	1	1	0	1	

Choosed Node:
3	1	1	-1	1	2	2	
Opened List:
4	0	0	-1	-1	3	3	
3	0	2	1	-1	3	1	
3	0	2	-1	1	3	1	
3	1	1	1	-1	2	2	
2	3	2	1	1	0	1	
3	0	3	-1	1	3	0	
3	3	0	-1	1	0	3	

Choosed Node:
1852785509	1551000947	1147498063	1702259058	1701728000	-1551000944	-1147498060	
Opened List:
0	3	3	1	1	0	0	

Choosed Node:
0	3	3	1	1	0	0	
Opened List:
3	2	2	-1	1	1	1	
3	3	1	-1	1	0	2	
25	0	3	1	-1	3	0	
25	3	0	1	-1	0	3	
3	3	2	-1	1	0	1	
25	2	2	1	-1	1	1	
25	3	1	1	-1	0	2	
25	3	2	1	-1	0	1	

Choosed Node:
3	2	2	-1	1	1	1	
Opened List:
28	0	1	-1	-1	3	2	
28	0	2	-1	-1	3	1	
28	1	1	-1	-1	2	2	
3	3	1	-1	1	0	2	
25	3	0	1	-1	0	3	
25	0	3	1	-1	3	0	
3	3	2	-1	1	0	1	
6	3	2	1	1	0	1	
25	3	1	1	-1	0	2	
25	2	2	1	-1	1	1	
25	3	2	1	-1	0	1	

Choosed Node:
28	0	1	-1	-1	3	2	
Opened List:
28	1	1	-1	-1	2	2	
28	0	2	-1	-1	3	1	
31	1	1	1	-1	2	2	
31	0	2	1	-1	3	1	
3	3	1	-1	1	0	2	
25	0	3	1	-1	3	0	
25	3	0	1	-1	0	3	
3	3	2	-1	1	0	1	
6	3	2	1	1	0	1	
53	1	1	-1	1	2	2	
53	0	2	-1	1	3	1	
25	2	2	1	-1	1	1	
25	3	1	1	-1	0	2	
53	0	3	-1	1	3	0	
25	3	2	1	-1	0	1	

Choosed Node:
28	1	1	-1	-1	2	2	
Opened List:
28	0	2	-1	-1	3	1	
31	0	2	1	-1	3	1	
31	1	1	1	-1	2	2	
3	3	1	-1	1	0	2	
25	3	0	1	-1	0	3	
25	0	3	1	-1	3	0	
3	3	2	-1	1	0	1	
6	3	2	1	1	0	1	
53	0	2	-1	1	3	1	
53	1	1	-1	1	2	2	
25	3	1	1	-1	0	2	
25	2	2	1	-1	1	1	
53	0	3	-1	1	3	0	
25	3	2	1	-1	0	1	

Choosed Node:
28	0	2	-1	-1	3	1	
Opened List:
31	1	1	1	-1	2	2	
31	0	2	1	-1	3	1	
3	3	1	-1	1	0	2	
25	0	3	1	-1	3	0	
25	3	0	1	-1	0	3	
3	3	2	-1	1	0	1	
6	3	2	1	1	0	1	
53	1	1	-1	1	2	2	
53	0	2	-1	1	3	1	
25	2	2	1	-1	1	1	
25	3	1	1	-1	0	2	
53	0	3	-1	1	3	0	
25	3	2	1	-1	0	1	

Choosed Node:
31	1	1	1	-1	2	2	
Opened List:
34	0	0	-1	-1	3	3	
31	0	2	1	-1	3	1	
3	3	1	-1	1	0	2	
25	3	0	1	-1	0	3	
25	0	3	1	-1	3	0	
3	3	2	-1	1	0	1	
6	3	2	1	1	0	1	
53	0	2	-1	1	3	1	
53	1	1	-1	1	2	2	
25	3	1	1	-1	0	2	
25	2	2	1	-1	1	1	
53	0	3	-1	1	3	0	
25	3	2	1	-1	0	1	
56	3	1	1	1	0	2	

