Closed List:
0	10	10	1	1	0	0	

Closed List:
0	10	10	1	1	0	0	
3	9	9	-1	1	1	1	

Closed List:
0	10	10	1	1	0	0	
3	9	9	-1	1	1	1	
28	8	8	-1	-1	2	2	

Closed List:
0	10	10	1	1	0	0	
3	9	9	-1	1	1	1	
28	8	8	-1	-1	2	2	
3	10	8	-1	1	0	2	

Closed List:
0	10	10	1	1	0	0	
3	9	9	-1	1	1	1	
28	8	8	-1	-1	2	2	
3	10	8	-1	1	0	2	
28	10	5	-1	-1	0	5	

Closed List:
0	10	10	1	1	0	0	
3	9	9	-1	1	1	1	
28	8	8	-1	-1	2	2	
3	10	8	-1	1	0	2	
28	10	5	-1	-1	0	5	
28	10	6	-1	-1	0	4	

Closed List:
0	10	10	1	1	0	0	
3	9	9	-1	1	1	1	
28	8	8	-1	-1	2	2	
3	10	8	-1	1	0	2	
28	10	5	-1	-1	0	5	
28	10	6	-1	-1	0	4	
31	10	6	1	-1	0	4	

Closed List:
0	10	10	1	1	0	0	
3	9	9	-1	1	1	1	
28	8	8	-1	-1	2	2	
3	10	8	-1	1	0	2	
28	10	5	-1	-1	0	5	
28	10	6	-1	-1	0	4	
31	10	6	1	-1	0	4	
34	10	4	-1	-1	0	6	

Closed List:
0	10	10	1	1	0	0	
3	9	9	-1	1	1	1	
28	8	8	-1	-1	2	2	
3	10	8	-1	1	0	2	
28	10	5	-1	-1	0	5	
28	10	6	-1	-1	0	4	
31	10	6	1	-1	0	4	
34	10	4	-1	-1	0	6	
25	10	7	1	-1	0	3	

Closed List:
0	10	10	1	1	0	0	
3	9	9	-1	1	1	1	
28	8	8	-1	-1	2	2	
3	10	8	-1	1	0	2	
28	10	5	-1	-1	0	5	
28	10	6	-1	-1	0	4	
31	10	6	1	-1	0	4	
34	10	4	-1	-1	0	6	
25	10	7	1	-1	0	3	
28	10	7	-1	-1	0	3	

Closed List:
0	10	10	1	1	0	0	
3	9	9	-1	1	1	1	
28	8	8	-1	-1	2	2	
3	10	8	-1	1	0	2	
28	10	5	-1	-1	0	5	
28	10	6	-1	-1	0	4	
31	10	6	1	-1	0	4	
34	10	4	-1	-1	0	6	
25	10	7	1	-1	0	3	
28	10	7	-1	-1	0	3	
59	10	5	-1	1	0	5	

Closed List:
0	10	10	1	1	0	0	
3	9	9	-1	1	1	1	
28	8	8	-1	-1	2	2	
3	10	8	-1	1	0	2	
28	10	5	-1	-1	0	5	
28	10	6	-1	-1	0	4	
31	10	6	1	-1	0	4	
34	10	4	-1	-1	0	6	
25	10	7	1	-1	0	3	
28	10	7	-1	-1	0	3	
59	10	5	-1	1	0	5	
84	10	2	-1	-1	0	8	

Closed List:
0	10	10	1	1	0	0	
3	9	9	-1	1	1	1	
28	8	8	-1	-1	2	2	
3	10	8	-1	1	0	2	
28	10	5	-1	-1	0	5	
28	10	6	-1	-1	0	4	
31	10	6	1	-1	0	4	
34	10	4	-1	-1	0	6	
25	10	7	1	-1	0	3	
28	10	7	-1	-1	0	3	
59	10	5	-1	1	0	5	
84	10	2	-1	-1	0	8	
84	10	3	-1	-1	0	7	

Closed List:
0	10	10	1	1	0	0	
3	9	9	-1	1	1	1	
28	8	8	-1	-1	2	2	
3	10	8	-1	1	0	2	
28	10	5	-1	-1	0	5	
28	10	6	-1	-1	0	4	
31	10	6	1	-1	0	4	
34	10	4	-1	-1	0	6	
25	10	7	1	-1	0	3	
28	10	7	-1	-1	0	3	
59	10	5	-1	1	0	5	
84	10	2	-1	-1	0	8	
84	10	3	-1	-1	0	7	
87	10	3	1	-1	0	7	

Closed List:
0	10	10	1	1	0	0	
3	9	9	-1	1	1	1	
28	8	8	-1	-1	2	2	
3	10	8	-1	1	0	2	
28	10	5	-1	-1	0	5	
28	10	6	-1	-1	0	4	
31	10	6	1	-1	0	4	
34	10	4	-1	-1	0	6	
25	10	7	1	-1	0	3	
28	10	7	-1	-1	0	3	
59	10	5	-1	1	0	5	
84	10	2	-1	-1	0	8	
84	10	3	-1	-1	0	7	
87	10	3	1	-1	0	7	
90	10	1	-1	-1	0	9	

Closed List:
0	10	10	1	1	0	0	
3	9	9	-1	1	1	1	
28	8	8	-1	-1	2	2	
3	10	8	-1	1	0	2	
28	10	5	-1	-1	0	5	
28	10	6	-1	-1	0	4	
31	10	6	1	-1	0	4	
34	10	4	-1	-1	0	6	
25	10	7	1	-1	0	3	
28	10	7	-1	-1	0	3	
59	10	5	-1	1	0	5	
84	10	2	-1	-1	0	8	
84	10	3	-1	-1	0	7	
87	10	3	1	-1	0	7	
90	10	1	-1	-1	0	9	
3	10	9	-1	1	0	1	

Closed List:
0	10	10	1	1	0	0	
3	9	9	-1	1	1	1	
28	8	8	-1	-1	2	2	
3	10	8	-1	1	0	2	
28	10	5	-1	-1	0	5	
28	10	6	-1	-1	0	4	
31	10	6	1	-1	0	4	
34	10	4	-1	-1	0	6	
25	10	7	1	-1	0	3	
28	10	7	-1	-1	0	3	
59	10	5	-1	1	0	5	
84	10	2	-1	-1	0	8	
84	10	3	-1	-1	0	7	
87	10	3	1	-1	0	7	
90	10	1	-1	-1	0	9	
3	10	9	-1	1	0	1	
6	10	9	1	1	0	1	

Closed List:
0	10	10	1	1	0	0	
3	9	9	-1	1	1	1	
28	8	8	-1	-1	2	2	
3	10	8	-1	1	0	2	
28	10	5	-1	-1	0	5	
28	10	6	-1	-1	0	4	
31	10	6	1	-1	0	4	
34	10	4	-1	-1	0	6	
25	10	7	1	-1	0	3	
28	10	7	-1	-1	0	3	
59	10	5	-1	1	0	5	
84	10	2	-1	-1	0	8	
84	10	3	-1	-1	0	7	
87	10	3	1	-1	0	7	
90	10	1	-1	-1	0	9	
3	10	9	-1	1	0	1	
6	10	9	1	1	0	1	
53	10	6	-1	1	0	4	

Closed List:
0	10	10	1	1	0	0	
3	9	9	-1	1	1	1	
28	8	8	-1	-1	2	2	
3	10	8	-1	1	0	2	
28	10	5	-1	-1	0	5	
28	10	6	-1	-1	0	4	
31	10	6	1	-1	0	4	
34	10	4	-1	-1	0	6	
25	10	7	1	-1	0	3	
28	10	7	-1	-1	0	3	
59	10	5	-1	1	0	5	
84	10	2	-1	-1	0	8	
84	10	3	-1	-1	0	7	
87	10	3	1	-1	0	7	
90	10	1	-1	-1	0	9	
3	10	9	-1	1	0	1	
6	10	9	1	1	0	1	
53	10	6	-1	1	0	4	
25	10	8	1	-1	0	2	

Closed List:
0	10	10	1	1	0	0	
3	9	9	-1	1	1	1	
28	8	8	-1	-1	2	2	
3	10	8	-1	1	0	2	
28	10	5	-1	-1	0	5	
28	10	6	-1	-1	0	4	
31	10	6	1	-1	0	4	
34	10	4	-1	-1	0	6	
25	10	7	1	-1	0	3	
28	10	7	-1	-1	0	3	
59	10	5	-1	1	0	5	
84	10	2	-1	-1	0	8	
84	10	3	-1	-1	0	7	
87	10	3	1	-1	0	7	
90	10	1	-1	-1	0	9	
3	10	9	-1	1	0	1	
6	10	9	1	1	0	1	
53	10	6	-1	1	0	4	
25	10	8	1	-1	0	2	
115	10	2	-1	1	0	8	

Closed List:
0	10	10	1	1	0	0	
3	9	9	-1	1	1	1	
28	8	8	-1	-1	2	2	
3	10	8	-1	1	0	2	
28	10	5	-1	-1	0	5	
28	10	6	-1	-1	0	4	
31	10	6	1	-1	0	4	
34	10	4	-1	-1	0	6	
25	10	7	1	-1	0	3	
28	10	7	-1	-1	0	3	
59	10	5	-1	1	0	5	
84	10	2	-1	-1	0	8	
84	10	3	-1	-1	0	7	
87	10	3	1	-1	0	7	
90	10	1	-1	-1	0	9	
3	10	9	-1	1	0	1	
6	10	9	1	1	0	1	
53	10	6	-1	1	0	4	
25	10	8	1	-1	0	2	
115	10	2	-1	1	0	8	
140	10	0	-1	-1	0	10	

Closed List:
0	10	10	1	1	0	0	
3	9	9	-1	1	1	1	
28	8	8	-1	-1	2	2	
3	10	8	-1	1	0	2	
28	10	5	-1	-1	0	5	
28	10	6	-1	-1	0	4	
31	10	6	1	-1	0	4	
34	10	4	-1	-1	0	6	
25	10	7	1	-1	0	3	
28	10	7	-1	-1	0	3	
59	10	5	-1	1	0	5	
84	10	2	-1	-1	0	8	
84	10	3	-1	-1	0	7	
87	10	3	1	-1	0	7	
90	10	1	-1	-1	0	9	
3	10	9	-1	1	0	1	
6	10	9	1	1	0	1	
53	10	6	-1	1	0	4	
25	10	8	1	-1	0	2	
115	10	2	-1	1	0	8	
140	10	0	-1	-1	0	10	
25	9	9	1	-1	1	1	

Closed List:
0	10	10	1	1	0	0	
3	9	9	-1	1	1	1	
28	8	8	-1	-1	2	2	
3	10	8	-1	1	0	2	
28	10	5	-1	-1	0	5	
28	10	6	-1	-1	0	4	
31	10	6	1	-1	0	4	
34	10	4	-1	-1	0	6	
25	10	7	1	-1	0	3	
28	10	7	-1	-1	0	3	
59	10	5	-1	1	0	5	
84	10	2	-1	-1	0	8	
84	10	3	-1	-1	0	7	
87	10	3	1	-1	0	7	
90	10	1	-1	-1	0	9	
3	10	9	-1	1	0	1	
6	10	9	1	1	0	1	
53	10	6	-1	1	0	4	
25	10	8	1	-1	0	2	
115	10	2	-1	1	0	8	
140	10	0	-1	-1	0	10	
25	9	9	1	-1	1	1	
28	9	9	-1	-1	1	1	

Closed List:
0	10	10	1	1	0	0	
3	9	9	-1	1	1	1	
28	8	8	-1	-1	2	2	
3	10	8	-1	1	0	2	
28	10	5	-1	-1	0	5	
28	10	6	-1	-1	0	4	
31	10	6	1	-1	0	4	
34	10	4	-1	-1	0	6	
25	10	7	1	-1	0	3	
28	10	7	-1	-1	0	3	
59	10	5	-1	1	0	5	
84	10	2	-1	-1	0	8	
84	10	3	-1	-1	0	7	
87	10	3	1	-1	0	7	
90	10	1	-1	-1	0	9	
3	10	9	-1	1	0	1	
6	10	9	1	1	0	1	
53	10	6	-1	1	0	4	
25	10	8	1	-1	0	2	
115	10	2	-1	1	0	8	
140	10	0	-1	-1	0	10	
25	9	9	1	-1	1	1	
28	9	9	-1	-1	1	1	
28	10	8	-1	-1	0	2	

Closed List:
0	10	10	1	1	0	0	
3	9	9	-1	1	1	1	
28	8	8	-1	-1	2	2	
3	10	8	-1	1	0	2	
28	10	5	-1	-1	0	5	
28	10	6	-1	-1	0	4	
31	10	6	1	-1	0	4	
34	10	4	-1	-1	0	6	
25	10	7	1	-1	0	3	
28	10	7	-1	-1	0	3	
59	10	5	-1	1	0	5	
84	10	2	-1	-1	0	8	
84	10	3	-1	-1	0	7	
87	10	3	1	-1	0	7	
90	10	1	-1	-1	0	9	
3	10	9	-1	1	0	1	
6	10	9	1	1	0	1	
53	10	6	-1	1	0	4	
25	10	8	1	-1	0	2	
115	10	2	-1	1	0	8	
140	10	0	-1	-1	0	10	
25	9	9	1	-1	1	1	
28	9	9	-1	-1	1	1	
28	10	8	-1	-1	0	2	
62	10	6	1	1	0	4	

Closed List:
0	10	10	1	1	0	0	
3	9	9	-1	1	1	1	
28	8	8	-1	-1	2	2	
3	10	8	-1	1	0	2	
28	10	5	-1	-1	0	5	
28	10	6	-1	-1	0	4	
31	10	6	1	-1	0	4	
34	10	4	-1	-1	0	6	
25	10	7	1	-1	0	3	
28	10	7	-1	-1	0	3	
59	10	5	-1	1	0	5	
84	10	2	-1	-1	0	8	
84	10	3	-1	-1	0	7	
87	10	3	1	-1	0	7	
90	10	1	-1	-1	0	9	
3	10	9	-1	1	0	1	
6	10	9	1	1	0	1	
53	10	6	-1	1	0	4	
25	10	8	1	-1	0	2	
115	10	2	-1	1	0	8	
140	10	0	-1	-1	0	10	
25	9	9	1	-1	1	1	
28	9	9	-1	-1	1	1	
28	10	8	-1	-1	0	2	
62	10	6	1	1	0	4	
109	10	3	-1	1	0	7	

Closed List:
0	10	10	1	1	0	0	
3	9	9	-1	1	1	1	
28	8	8	-1	-1	2	2	
3	10	8	-1	1	0	2	
28	10	5	-1	-1	0	5	
28	10	6	-1	-1	0	4	
31	10	6	1	-1	0	4	
34	10	4	-1	-1	0	6	
25	10	7	1	-1	0	3	
28	10	7	-1	-1	0	3	
59	10	5	-1	1	0	5	
84	10	2	-1	-1	0	8	
84	10	3	-1	-1	0	7	
87	10	3	1	-1	0	7	
90	10	1	-1	-1	0	9	
3	10	9	-1	1	0	1	
6	10	9	1	1	0	1	
53	10	6	-1	1	0	4	
25	10	8	1	-1	0	2	
115	10	2	-1	1	0	8	
140	10	0	-1	-1	0	10	
25	9	9	1	-1	1	1	
28	9	9	-1	-1	1	1	
28	10	8	-1	-1	0	2	
62	10	6	1	1	0	4	
109	10	3	-1	1	0	7	
53	10	7	-1	1	0	3	

Closed List:
0	10	10	1	1	0	0	
3	9	9	-1	1	1	1	
28	8	8	-1	-1	2	2	
3	10	8	-1	1	0	2	
28	10	5	-1	-1	0	5	
28	10	6	-1	-1	0	4	
31	10	6	1	-1	0	4	
34	10	4	-1	-1	0	6	
25	10	7	1	-1	0	3	
28	10	7	-1	-1	0	3	
59	10	5	-1	1	0	5	
84	10	2	-1	-1	0	8	
84	10	3	-1	-1	0	7	
87	10	3	1	-1	0	7	
90	10	1	-1	-1	0	9	
3	10	9	-1	1	0	1	
6	10	9	1	1	0	1	
53	10	6	-1	1	0	4	
25	10	8	1	-1	0	2	
115	10	2	-1	1	0	8	
140	10	0	-1	-1	0	10	
25	9	9	1	-1	1	1	
28	9	9	-1	-1	1	1	
28	10	8	-1	-1	0	2	
62	10	6	1	1	0	4	
109	10	3	-1	1	0	7	
53	10	7	-1	1	0	3	
78	7	7	-1	-1	3	3	

Closed List:
0	10	10	1	1	0	0	
3	9	9	-1	1	1	1	
28	8	8	-1	-1	2	2	
3	10	8	-1	1	0	2	
28	10	5	-1	-1	0	5	
28	10	6	-1	-1	0	4	
31	10	6	1	-1	0	4	
34	10	4	-1	-1	0	6	
25	10	7	1	-1	0	3	
28	10	7	-1	-1	0	3	
59	10	5	-1	1	0	5	
84	10	2	-1	-1	0	8	
84	10	3	-1	-1	0	7	
87	10	3	1	-1	0	7	
90	10	1	-1	-1	0	9	
3	10	9	-1	1	0	1	
6	10	9	1	1	0	1	
53	10	6	-1	1	0	4	
25	10	8	1	-1	0	2	
115	10	2	-1	1	0	8	
140	10	0	-1	-1	0	10	
25	9	9	1	-1	1	1	
28	9	9	-1	-1	1	1	
28	10	8	-1	-1	0	2	
62	10	6	1	1	0	4	
109	10	3	-1	1	0	7	
53	10	7	-1	1	0	3	
78	7	7	-1	-1	3	3	
25	10	9	1	-1	0	1	

Closed List:
0	10	10	1	1	0	0	
3	9	9	-1	1	1	1	
28	8	8	-1	-1	2	2	
3	10	8	-1	1	0	2	
28	10	5	-1	-1	0	5	
28	10	6	-1	-1	0	4	
31	10	6	1	-1	0	4	
34	10	4	-1	-1	0	6	
25	10	7	1	-1	0	3	
28	10	7	-1	-1	0	3	
59	10	5	-1	1	0	5	
84	10	2	-1	-1	0	8	
84	10	3	-1	-1	0	7	
87	10	3	1	-1	0	7	
90	10	1	-1	-1	0	9	
3	10	9	-1	1	0	1	
6	10	9	1	1	0	1	
53	10	6	-1	1	0	4	
25	10	8	1	-1	0	2	
115	10	2	-1	1	0	8	
140	10	0	-1	-1	0	10	
25	9	9	1	-1	1	1	
28	9	9	-1	-1	1	1	
28	10	8	-1	-1	0	2	
62	10	6	1	1	0	4	
109	10	3	-1	1	0	7	
53	10	7	-1	1	0	3	
78	7	7	-1	-1	3	3	
25	10	9	1	-1	0	1	
56	10	7	1	1	0	3	

Closed List:
0	10	10	1	1	0	0	
3	9	9	-1	1	1	1	
28	8	8	-1	-1	2	2	
3	10	8	-1	1	0	2	
28	10	5	-1	-1	0	5	
28	10	6	-1	-1	0	4	
31	10	6	1	-1	0	4	
34	10	4	-1	-1	0	6	
25	10	7	1	-1	0	3	
28	10	7	-1	-1	0	3	
59	10	5	-1	1	0	5	
84	10	2	-1	-1	0	8	
84	10	3	-1	-1	0	7	
87	10	3	1	-1	0	7	
90	10	1	-1	-1	0	9	
3	10	9	-1	1	0	1	
6	10	9	1	1	0	1	
53	10	6	-1	1	0	4	
25	10	8	1	-1	0	2	
115	10	2	-1	1	0	8	
140	10	0	-1	-1	0	10	
25	9	9	1	-1	1	1	
28	9	9	-1	-1	1	1	
28	10	8	-1	-1	0	2	
62	10	6	1	1	0	4	
109	10	3	-1	1	0	7	
53	10	7	-1	1	0	3	
78	7	7	-1	-1	3	3	
25	10	9	1	-1	0	1	
56	10	7	1	1	0	3	
118	10	3	1	1	0	7	

Closed List:
0	10	10	1	1	0	0	
3	9	9	-1	1	1	1	
28	8	8	-1	-1	2	2	
3	10	8	-1	1	0	2	
28	10	5	-1	-1	0	5	
28	10	6	-1	-1	0	4	
31	10	6	1	-1	0	4	
34	10	4	-1	-1	0	6	
25	10	7	1	-1	0	3	
28	10	7	-1	-1	0	3	
59	10	5	-1	1	0	5	
84	10	2	-1	-1	0	8	
84	10	3	-1	-1	0	7	
87	10	3	1	-1	0	7	
90	10	1	-1	-1	0	9	
3	10	9	-1	1	0	1	
6	10	9	1	1	0	1	
53	10	6	-1	1	0	4	
25	10	8	1	-1	0	2	
115	10	2	-1	1	0	8	
140	10	0	-1	-1	0	10	
25	9	9	1	-1	1	1	
28	9	9	-1	-1	1	1	
28	10	8	-1	-1	0	2	
62	10	6	1	1	0	4	
109	10	3	-1	1	0	7	
53	10	7	-1	1	0	3	
78	7	7	-1	-1	3	3	
25	10	9	1	-1	0	1	
56	10	7	1	1	0	3	
118	10	3	1	1	0	7	
109	10	4	-1	1	0	6	

Closed List:
0	10	10	1	1	0	0	
3	9	9	-1	1	1	1	
28	8	8	-1	-1	2	2	
3	10	8	-1	1	0	2	
28	10	5	-1	-1	0	5	
28	10	6	-1	-1	0	4	
31	10	6	1	-1	0	4	
34	10	4	-1	-1	0	6	
25	10	7	1	-1	0	3	
28	10	7	-1	-1	0	3	
59	10	5	-1	1	0	5	
84	10	2	-1	-1	0	8	
84	10	3	-1	-1	0	7	
87	10	3	1	-1	0	7	
90	10	1	-1	-1	0	9	
3	10	9	-1	1	0	1	
6	10	9	1	1	0	1	
53	10	6	-1	1	0	4	
25	10	8	1	-1	0	2	
115	10	2	-1	1	0	8	
140	10	0	-1	-1	0	10	
25	9	9	1	-1	1	1	
28	9	9	-1	-1	1	1	
28	10	8	-1	-1	0	2	
62	10	6	1	1	0	4	
109	10	3	-1	1	0	7	
53	10	7	-1	1	0	3	
78	7	7	-1	-1	3	3	
25	10	9	1	-1	0	1	
56	10	7	1	1	0	3	
118	10	3	1	1	0	7	
109	10	4	-1	1	0	6	
112	10	4	1	1	0	6	

Closed List:
0	10	10	1	1	0	0	
3	9	9	-1	1	1	1	
28	8	8	-1	-1	2	2	
3	10	8	-1	1	0	2	
28	10	5	-1	-1	0	5	
28	10	6	-1	-1	0	4	
31	10	6	1	-1	0	4	
34	10	4	-1	-1	0	6	
25	10	7	1	-1	0	3	
28	10	7	-1	-1	0	3	
59	10	5	-1	1	0	5	
84	10	2	-1	-1	0	8	
84	10	3	-1	-1	0	7	
87	10	3	1	-1	0	7	
90	10	1	-1	-1	0	9	
3	10	9	-1	1	0	1	
6	10	9	1	1	0	1	
53	10	6	-1	1	0	4	
25	10	8	1	-1	0	2	
115	10	2	-1	1	0	8	
140	10	0	-1	-1	0	10	
25	9	9	1	-1	1	1	
28	9	9	-1	-1	1	1	
28	10	8	-1	-1	0	2	
62	10	6	1	1	0	4	
109	10	3	-1	1	0	7	
53	10	7	-1	1	0	3	
78	7	7	-1	-1	3	3	
25	10	9	1	-1	0	1	
56	10	7	1	1	0	3	
118	10	3	1	1	0	7	
109	10	4	-1	1	0	6	
112	10	4	1	1	0	6	
165	10	1	-1	1	0	9	

Closed List:
0	10	10	1	1	0	0	
3	9	9	-1	1	1	1	
28	8	8	-1	-1	2	2	
3	10	8	-1	1	0	2	
28	10	5	-1	-1	0	5	
28	10	6	-1	-1	0	4	
31	10	6	1	-1	0	4	
34	10	4	-1	-1	0	6	
25	10	7	1	-1	0	3	
28	10	7	-1	-1	0	3	
59	10	5	-1	1	0	5	
84	10	2	-1	-1	0	8	
84	10	3	-1	-1	0	7	
87	10	3	1	-1	0	7	
90	10	1	-1	-1	0	9	
3	10	9	-1	1	0	1	
6	10	9	1	1	0	1	
53	10	6	-1	1	0	4	
25	10	8	1	-1	0	2	
115	10	2	-1	1	0	8	
140	10	0	-1	-1	0	10	
25	9	9	1	-1	1	1	
28	9	9	-1	-1	1	1	
28	10	8	-1	-1	0	2	
62	10	6	1	1	0	4	
109	10	3	-1	1	0	7	
53	10	7	-1	1	0	3	
78	7	7	-1	-1	3	3	
25	10	9	1	-1	0	1	
56	10	7	1	1	0	3	
118	10	3	1	1	0	7	
109	10	4	-1	1	0	6	
112	10	4	1	1	0	6	
165	10	1	-1	1	0	9	
31	10	10	1	-1	0	0	

Closed List:
0	10	10	1	1	0	0	
3	9	9	-1	1	1	1	
28	8	8	-1	-1	2	2	
3	10	8	-1	1	0	2	
28	10	5	-1	-1	0	5	
28	10	6	-1	-1	0	4	
31	10	6	1	-1	0	4	
34	10	4	-1	-1	0	6	
25	10	7	1	-1	0	3	
28	10	7	-1	-1	0	3	
59	10	5	-1	1	0	5	
84	10	2	-1	-1	0	8	
84	10	3	-1	-1	0	7	
87	10	3	1	-1	0	7	
90	10	1	-1	-1	0	9	
3	10	9	-1	1	0	1	
6	10	9	1	1	0	1	
53	10	6	-1	1	0	4	
25	10	8	1	-1	0	2	
115	10	2	-1	1	0	8	
140	10	0	-1	-1	0	10	
25	9	9	1	-1	1	1	
28	9	9	-1	-1	1	1	
28	10	8	-1	-1	0	2	
62	10	6	1	1	0	4	
109	10	3	-1	1	0	7	
53	10	7	-1	1	0	3	
78	7	7	-1	-1	3	3	
25	10	9	1	-1	0	1	
56	10	7	1	1	0	3	
118	10	3	1	1	0	7	
109	10	4	-1	1	0	6	
112	10	4	1	1	0	6	
165	10	1	-1	1	0	9	
31	10	10	1	-1	0	0	
103	8	8	-1	1	2	2	

