Choosed Node:
977485160	1325425765	1767325011	2003788910	1414422387	-1325425762	-1767325008	
Opened List:
0	3	3	1	1	0	0	

Choosed Node:
0	3	3	1	1	0	0	
Opened List:
3	2	2	-1	1	1	1	
3	3	1	-1	1	0	2	
3	3	2	-1	1	0	1	
25	0	3	1	-1	3	0	
25	2	2	1	-1	1	1	
25	3	0	1	-1	0	3	
25	3	1	1	-1	0	2	
25	3	2	1	-1	0	1	

Choosed Node:
3	2	2	-1	1	1	1	
Opened List:
3	3	2	-1	1	0	1	
3	3	1	-1	1	0	2	
6	3	2	1	1	0	1	
25	3	2	1	-1	0	1	
25	3	1	1	-1	0	2	
25	3	0	1	-1	0	3	
25	2	2	1	-1	1	1	
25	0	3	1	-1	3	0	
28	0	1	-1	-1	3	2	
28	0	2	-1	-1	3	1	
28	1	1	-1	-1	2	2	

Choosed Node:
3	3	2	-1	1	0	1	
Opened List:
3	3	1	-1	1	0	2	
6	3	2	1	1	0	1	
25	0	3	1	-1	3	0	
25	2	2	1	-1	1	1	
25	3	0	1	-1	0	3	
25	3	1	1	-1	0	2	
25	3	2	1	-1	0	1	
28	2	2	-1	-1	1	1	
28	3	0	-1	-1	0	3	
28	3	1	-1	-1	0	2	
28	1	1	-1	-1	2	2	
28	0	2	-1	-1	3	1	
28	0	1	-1	-1	3	2	

Choosed Node:
3	3	1	-1	1	0	2	
Opened List:
6	3	2	1	1	0	1	
25	3	2	1	-1	0	1	
25	3	1	1	-1	0	2	
25	3	0	1	-1	0	3	
25	2	2	1	-1	1	1	
25	0	3	1	-1	3	0	
28	0	1	-1	-1	3	2	
28	0	2	-1	-1	3	1	
28	1	1	-1	-1	2	2	
28	3	1	-1	-1	0	2	
28	3	0	-1	-1	0	3	
28	2	2	-1	-1	1	1	

Choosed Node:
6	3	2	1	1	0	1	
Opened List:
9	3	0	-1	1	0	3	
25	0	3	1	-1	3	0	
25	2	2	1	-1	1	1	
25	3	0	1	-1	0	3	
25	3	1	1	-1	0	2	
25	3	2	1	-1	0	1	
28	2	2	-1	-1	1	1	
28	3	0	-1	-1	0	3	
28	3	1	-1	-1	0	2	
28	1	1	-1	-1	2	2	
28	0	2	-1	-1	3	1	
28	0	1	-1	-1	3	2	
31	0	2	1	-1	3	1	
31	1	1	1	-1	2	2	

Choosed Node:
9	3	0	-1	1	0	3	
Opened List:
25	3	2	1	-1	0	1	
25	3	1	1	-1	0	2	
25	3	0	1	-1	0	3	
25	2	2	1	-1	1	1	
25	0	3	1	-1	3	0	
28	0	1	-1	-1	3	2	
28	0	2	-1	-1	3	1	
28	1	1	-1	-1	2	2	
28	3	1	-1	-1	0	2	
28	3	0	-1	-1	0	3	
28	2	2	-1	-1	1	1	
31	1	1	1	-1	2	2	
31	0	2	1	-1	3	1	
34	0	0	-1	-1	3	3	

Choosed Node:
25	3	2	1	-1	0	1	
Opened List:
25	0	3	1	-1	3	0	
25	2	2	1	-1	1	1	
25	3	0	1	-1	0	3	
25	3	1	1	-1	0	2	
28	2	2	-1	-1	1	1	
28	3	0	-1	-1	0	3	
28	3	1	-1	-1	0	2	
28	1	1	-1	-1	2	2	
28	0	2	-1	-1	3	1	
28	0	1	-1	-1	3	2	
31	0	2	1	-1	3	1	
31	1	1	1	-1	2	2	
34	0	0	-1	-1	3	3	

Choosed Node:
25	0	3	1	-1	3	0	
Opened List:
25	3	1	1	-1	0	2	
25	3	0	1	-1	0	3	
25	2	2	1	-1	1	1	
28	0	1	-1	-1	3	2	
28	0	2	-1	-1	3	1	
28	1	1	-1	-1	2	2	
28	3	1	-1	-1	0	2	
28	3	0	-1	-1	0	3	
28	2	2	-1	-1	1	1	
31	1	1	1	-1	2	2	
31	0	2	1	-1	3	1	
34	0	0	-1	-1	3	3	

Choosed Node:
25	3	1	1	-1	0	2	
Opened List:
25	2	2	1	-1	1	1	
25	3	0	1	-1	0	3	
28	2	2	-1	-1	1	1	
28	3	0	-1	-1	0	3	
28	3	1	-1	-1	0	2	
28	1	1	-1	-1	2	2	
28	0	2	-1	-1	3	1	
28	0	1	-1	-1	3	2	
31	0	2	1	-1	3	1	
31	1	1	1	-1	2	2	
34	0	0	-1	-1	3	3	

Choosed Node:
25	2	2	1	-1	1	1	
Opened List:
25	3	0	1	-1	0	3	
28	0	1	-1	-1	3	2	
28	0	2	-1	-1	3	1	
28	1	1	-1	-1	2	2	
28	3	1	-1	-1	0	2	
28	3	0	-1	-1	0	3	
28	2	2	-1	-1	1	1	
31	1	1	1	-1	2	2	
31	0	2	1	-1	3	1	
34	0	0	-1	-1	3	3	

Choosed Node:
25	3	0	1	-1	0	3	
Opened List:
28	2	2	-1	-1	1	1	
28	3	0	-1	-1	0	3	
28	3	1	-1	-1	0	2	
28	1	1	-1	-1	2	2	
28	0	2	-1	-1	3	1	
28	0	1	-1	-1	3	2	
31	0	2	1	-1	3	1	
31	1	1	1	-1	2	2	
34	0	0	-1	-1	3	3	

Choosed Node:
28	2	2	-1	-1	1	1	
Opened List:
28	0	1	-1	-1	3	2	
28	0	2	-1	-1	3	1	
28	1	1	-1	-1	2	2	
28	3	1	-1	-1	0	2	
28	3	0	-1	-1	0	3	
31	3	3	1	-1	0	0	
31	1	1	1	-1	2	2	
31	0	2	1	-1	3	1	
34	0	0	-1	-1	3	3	

Choosed Node:
28	0	1	-1	-1	3	2	
Opened List:
28	3	0	-1	-1	0	3	
28	3	1	-1	-1	0	2	
28	1	1	-1	-1	2	2	
28	0	2	-1	-1	3	1	
31	0	2	1	-1	3	1	
31	1	1	1	-1	2	2	
31	3	3	1	-1	0	0	
34	0	0	-1	-1	3	3	
53	1	1	-1	1	2	2	
53	0	3	-1	1	3	0	
53	0	2	-1	1	3	1	

Choosed Node:
28	3	0	-1	-1	0	3	
Opened List:
28	0	2	-1	-1	3	1	
28	1	1	-1	-1	2	2	
28	3	1	-1	-1	0	2	
31	3	3	1	-1	0	0	
31	1	1	1	-1	2	2	
31	0	2	1	-1	3	1	
34	0	0	-1	-1	3	3	
53	0	2	-1	1	3	1	
53	0	3	-1	1	3	0	
53	1	1	-1	1	2	2	

Choosed Node:
28	0	2	-1	-1	3	1	
Opened List:
28	3	1	-1	-1	0	2	
28	1	1	-1	-1	2	2	
31	0	2	1	-1	3	1	
31	1	1	1	-1	2	2	
31	3	3	1	-1	0	0	
34	0	0	-1	-1	3	3	
53	1	1	-1	1	2	2	
53	0	3	-1	1	3	0	
53	0	2	-1	1	3	1	

Choosed Node:
28	3	1	-1	-1	0	2	
Opened List:
28	1	1	-1	-1	2	2	
31	3	3	1	-1	0	0	
31	1	1	1	-1	2	2	
31	0	2	1	-1	3	1	
34	0	0	-1	-1	3	3	
53	0	2	-1	1	3	1	
53	0	3	-1	1	3	0	
53	1	1	-1	1	2	2	

Choosed Node:
28	1	1	-1	-1	2	2	
Opened List:
31	0	2	1	-1	3	1	
31	1	1	1	-1	2	2	
31	3	3	1	-1	0	0	
34	0	0	-1	-1	3	3	
53	1	1	-1	1	2	2	
53	0	3	-1	1	3	0	
53	0	2	-1	1	3	1	

Choosed Node:
31	0	2	1	-1	3	1	
Opened List:
31	3	3	1	-1	0	0	
31	1	1	1	-1	2	2	
34	0	0	-1	-1	3	3	
53	0	2	-1	1	3	1	
53	0	3	-1	1	3	0	
53	1	1	-1	1	2	2	
56	0	3	1	1	3	0	

Choosed Node:
31	3	3	1	-1	0	0	
Opened List:
31	1	1	1	-1	2	2	
34	0	0	-1	-1	3	3	
53	1	1	-1	1	2	2	
53	0	3	-1	1	3	0	
53	0	2	-1	1	3	1	
56	0	3	1	1	3	0	

Choosed Node:
31	1	1	1	-1	2	2	
Opened List:
34	0	0	-1	-1	3	3	
53	0	2	-1	1	3	1	
53	0	3	-1	1	3	0	
53	1	1	-1	1	2	2	
56	0	3	1	1	3	0	

